17
74
10
41
45
42
43
45
29
56
29
46
27
49
29
44
29
27
12
40
99
64
51
55
59
57
61
53
58
65
62
11
57
40
29
27
58
39
63
28
29
63
37
51
58
40
42
60
55
48
53
44
61
43
43
33
32
33
33
63
58
40
40
75
44
59
55
41
69
39
70
65
37
54
41
52
42
49
73
67
59
98
61
64
34
44
70
69
44
57
34
41
53
43
42
41
36
42
67
62
47
57
42
57
38
56
57
43
39
62
60
39
52
55
46
61
58
34
36
38
41
39
69
40
39
39
40
30
29
54
39
28
28
28
28
26
68
39
26
28
61
57
38
28
25
27
65
37
29
27
61
39
29
29
28
29
28
26
51
37
28
62
39
27
59
30
29
29
70
39
28
27
62
28
28
66
28
27
57
39
65
26
15
53
45
37
28
29
64
29
28
28
56
27
29
29
99
39
29
29
