10
11
12
15
17
25
26
26
26
26
27
27
27
27
27
27
27
27
27
28
28
28
28
28
28
28
28
28
28
28
28
28
28
28
28
28
29
29
29
29
29
29
29
29
29
29
29
29
29
29
29
29
29
29
29
30
30
32
33
33
33
34
34
34
36
36
37
37
37
37
37
38
38
38
39
39
39
39
39
39
39
39
39
39
39
39
39
39
40
40
40
40
40
40
40
41
41
41
41
41
42
42
42
42
42
42
42
43
43
43
43
43
44
44
44
44
44
45
45
45
46
46
47
48
49
49
51
51
51
52
52
53
53
53
53
54
54
55
55
55
55
56
56
56
57
57
57
57
57
57
57
57
58
58
58
58
58
59
59
59
59
60
60
61
61
61
61
61
61
62
62
62
62
62
63
63
63
64
64
64
65
65
65
65
66
67
67
68
69
69
69
70
70
70
73
74
75
98
99
99
